time,x,y,z,phi,theta,psi,x_velocity,y_velocity,z_velocity,phi_velocity,theta_velocity,psi_velocity,rotor_speed1,rotor_speed2,rotor_speed3,rotor_speed4
0.06,-5.023671965300788e-07,5.3146509165390394e-08,10.002322371819725,6.282764926250412,0.0004391746401903873,0.0,-4.136765436692851e-05,-1.2896311790480019e-05,0.07740961897462156,-0.027171740959975696,0.018962643687142375,0.0,429.48133970407235,431.0862991176303,430.21199435904094,427.9056201392083
0.12000000000000001,-1.6811983079204927e-05,-1.580791225897326e-05,10.010600447815799,6.2814040994944556,0.0015652789185791605,0.0,-0.0006212900134476864,-0.0006717269864986979,0.19851193842241255,-0.014944636015265387,0.018377098768206,0.0,444.24448026051056,444.19642161269786,442.3927231027003,443.398123135284
0.18,-9.343754477013546e-05,-9.77697739000225e-05,10.026361582164798,6.280722757871782,0.0035306970637982715,0.0,-0.0021058097720368,-0.0021432014624640466,0.32682997914288464,-0.005001728313464465,0.052058958337969904,0.0,444.03835908676746,446.79279798466365,445.88098359510616,446.6925184437168
0.23999999999999996,-0.0003213176176475269,-0.0002875373176202078,10.052639219992635,6.280501704428989,0.0060541557235342935,0.0,-0.005864221460663605,-0.00421332673142663,0.5490087715238574,-0.00117132026556392,-0.007282430752948113,0.0,476.6130836510489,472.05726613439657,473.9742658388684,474.268579709652
0.3,-0.0008176953173555095,-0.0006055465610614576,10.092071868058937,6.280133972697296,0.00584333924100644,0.0,-0.010643448782663038,-0.0064097617840851995,0.7652929836320684,-0.018565720766814408,0.003122315268792091,0.0,472.5524700568791,473.35378753613935,473.1297323492735,471.78890874364754
0.36000000000000004,-0.0015980013262176175,-0.0010674761074231482,10.144453796276071,6.279784980543305,0.005876631405225652,0.0,-0.015379638411320612,-0.009065254914700126,0.9806110057007729,0.011931549226202409,-0.005150865755800538,0.0,473.39359693694576,472.7566421476669,471.14872530572694,473.50047902844904
0.4200000000000001,-0.0026364619877333045,-0.0016764743683070921,10.20552513793323,6.280217134345431,0.005369870245132802,0.0,-0.019196254252009715,-0.011175887036265496,1.0550346970935751,-0.004507891632137953,-0.01602109600422007,0.0,430.55654624538334,429.6361163664606,429.99725187234355,428.60242580412483
0.48000000000000015,-0.003899783941103435,-0.0024116578642223714,10.272550057726725,6.27972042412128,0.004842634405372692,0.0,-0.02283841488255879,-0.013368952194640094,1.1790095872053359,-0.017152164666596355,0.0027455715472438228,0.0,445.4938183872206,447.0255991608593,445.40200617792493,444.3669314277559
0.5400000000000001,-0.005369945363451377,-0.0032881753071248064,10.346139674500842,6.279176616831073,0.004794617287482872,0.0,-0.026173577108316706,-0.015923943111340877,1.2738760779808678,0.003544400156993,-0.0090525227091529,0.0,436.1108110015955,435.12436868934145,436.862758476933,438.5849997138353
0.6000000000000002,-0.007058791790571339,-0.004343802120365136,10.430163405747704,6.279427489071331,0.004007825983399549,0.0,-0.030039033125280605,-0.019233517346255575,1.5266129314098522,0.005425403798045606,-0.022812001701679532,0.0,485.0737757196941,484.0396281256329,484.42191957599283,484.5632488851999
0.6600000000000003,-0.008940491103842077,-0.00557585770668073,10.52520944682893,6.27976454324217,0.0027340129106292466,0.0,-0.03254624926837609,-0.02179991707285688,1.64143112295334,0.005999173699355827,-0.018241059705513953,0.0,443.9087195749506,444.2836153119087,443.62303432918924,443.6700446683594
0.7200000000000003,-0.01095748425294714,-0.006968789082281953,10.631385854183147,6.279690765636701,0.0016543270140019217,0.0,-0.03454996483147431,-0.024603521090308646,1.8973942873401837,-0.022417352664215934,-0.01750669984723193,0.0,486.00654422296867,486.0616733439075,487.8411276332872,485.7148638157258
0.7800000000000004,-0.013059610168933127,-0.008519765314730322,10.747520210576015,6.278214308655693,0.00025467471245477213,0.0,-0.03540381357730048,-0.027233723204774105,1.9736219018773267,-0.029393042259406577,-0.03871603358682674,0.0,433.79102057691193,432.0062977341959,433.0632958158687,432.47606257119986
0.8400000000000004,-0.015179911054827022,-0.010272235476439946,10.870627156588103,6.276381647294819,6.281022879148988,0.0,-0.03501186269103372,-0.03137864631531256,2.129664353858646,-0.03295211944413791,-0.043622843170925726,0.0,459.057609722298,458.66731840434653,457.37634442595055,457.0925352519869
0.9000000000000005,-0.01722449202345796,-0.012306967153650587,11.001945796156155,6.2743678790464354,6.278156304265764,0.0,-0.03285640191035434,-0.03665283991010865,2.2473972836726643,-0.03481276781419556,-0.05774086507025857,0.0,447.44478780172693,446.2925693587697,446.92498223207417,446.77286624055984
0.9600000000000005,-0.01906101298944233,-0.014725457409764407,11.14294873615114,6.271999856159564,6.274793015170129,0.0,-0.02796252158275441,-0.04421890945584459,2.452279634752357,-0.05094026947730617,-0.05288086223802747,0.0,473.4271076128557,473.7989558214271,474.40962717941403,473.1689971483642
1.0200000000000005,-0.020506073082009343,-0.017684146077922305,11.298459861428848,6.269221369269976,6.272222941576027,0.0,-0.01984976673753989,-0.054769523324325754,2.7307947172011247,-0.03836439561283843,-0.02793337161798164,0.0,494.41219110679504,496.245816213969,495.6455918695831,496.56787836643446
1.0800000000000005,-0.02144656972647552,-0.021289823879273816,11.46687177827244,6.267187153087912,6.270472394928687,0.0,-0.01131655506910801,-0.06565073057838212,2.8825598441507845,-0.026213994296024588,-0.03178370737434681,0.0,460.2553826806975,459.9503296591711,459.48145286159973,460.4432374726155
1.1400000000000006,-0.021827170594748018,-0.025601674266539236,11.645045323638017,6.265353393090823,6.268951584061128,0.0,-0.0011851890666600405,-0.0782604283712121,3.0561048192444744,-0.04110640696446704,-0.014861120180357804,0.0,467.05526117067365,468.3731062678003,467.58722730633673,466.42531309556654
1.2000000000000006,-0.02155049731405689,-0.030739053981385756,11.834930821741922,6.263246983385793,6.268335202070954,0.0,0.01048754256646161,-0.09324477212643244,3.272810255435942,-0.025214590326462793,-0.002392408769892063,0.0,479.46527112548364,480.4117558762695,481.4200556631914,482.6205404183008
1.2600000000000007,-0.020668624966048252,-0.0366775744792531,12.030639615425194,6.261545025328097,6.26849860226592,0.0,0.018907080426450167,-0.10484144649286041,3.2508749987628494,-0.035559347659032556,0.011375722829207282,0.0,406.76754148956815,407.9986624902063,407.6469417614049,406.7211331651884
1.3200000000000007,-0.019194281068492948,-0.04348233415585162,12.231369070119115,6.259000672839317,6.268869672844842,0.0,0.030165924412972372,-0.12223435760945034,3.4395522744568394,-0.06185658140501658,-0.007017913520047039,0.0,474.387198846382,472.97260595731694,475.0988607085843,473.0772336595384
1.3800000000000008,-0.017039194963149592,-0.051412907600321404,12.44406204850518,6.254890745749542,6.2685569936217505,0.0,0.0417041191477976,-0.14255797785257507,3.649553248797616,-0.08707337298033808,-0.001822860277094528,0.0,481.1262142098028,481.5194816310124,482.1165635274853,480.2040479666154
1.4400000000000008,-0.014153922779440381,-0.06073158368041939,12.671521926317082,6.249738502154557,6.268572479167812,0.0,0.0544637240857407,-0.16870562701634523,3.931494004447639,-0.08356930643448446,0.004125508672098556,0.0,502.9035088940342,503.3341914164352,502.69036613445076,502.9390861751415
1.5000000000000009,-0.010593387011080547,-0.07154518297988642,12.90986143841563,6.2442205772258745,6.2691799097824905,0.0,0.06417211623747772,-0.1922496277526958,4.012853066478071,-0.11949484597773943,0.020016301756221704,0.0,443.9284464339713,445.2304548845754,448.43176564047127,445.4958702456308
1.560000000000001,-0.006518670309764808,-0.08373589812057043,13.149236987375703,6.236863309540567,6.270262882602804,0.0,0.07156179357836163,-0.2146968155336572,3.9664668333063475,-0.12974180161772028,0.013793659126307872,0.0,405.6347189324486,405.0754428582977,403.9670506476814,403.02651050487805
1.620000000000001,-0.0019774064010421497,-0.09754278837188263,13.388927848306604,6.229443849271545,6.270771283892625,0.0,0.07974420022220408,-0.24624740282926758,4.0229903833652605,-0.11365646666043688,-0.005161838343488763,0.0,439.0731862770418,437.49755175883064,437.6670149735557,438.9895664896636
1.680000000000001,0.0030794239409700735,-0.11351723963767943,13.634434841060937,6.222435147982166,6.270255988404028,0.0,0.08885374872362903,-0.2869487529200086,4.160036641213533,-0.1240086537126804,-0.01651542097192258,0.0,463.58710950280374,462.6941854232916,464.86535748896813,464.04173289224735
1.740000000000001,0.008668152066188935,-0.13195424403026765,13.885990506899967,6.214898289329767,6.2688116499836894,0.0,0.09754450371766109,-0.3283270468905145,4.224856684193706,-0.12903250878457515,-0.04685280709760191,0.0,444.21393227470554,441.71872491852014,442.4743773559175,442.0460880425764
1.8000000000000012,0.014843804549073933,-0.1531643141625144,14.143452789958362,6.207164965023802,6.2657644525359935,0.0,0.10861465773436989,-0.37946483624245514,4.356648333049325,-0.1286030366645846,-0.06011728757741019,0.0,463.8230733473142,462.7784971649885,464.59313730990226,464.6124077986372
1.8600000000000012,0.02166967014408283,-0.17725307037289462,14.404222442589198,6.198860220207031,6.2620969552473404,0.0,0.11922219966753439,-0.42415356558187467,4.335679691815792,-0.1800238708000478,-0.0632195468688372,0.0,416.6933949917299,416.41913527645863,418.71494933635773,414.195033994049
1.9200000000000013,0.0293021349203865,-0.204598044054458,14.66861095185698,6.1876477339779825,6.258328044077178,0.0,0.1355908605471513,-0.48847828876011484,4.476591690210019,-0.20630425810053396,-0.06201884970555684,0.0,467.8513302292683,467.9421760456035,469.01134257712243,466.93276666942614
1.9800000000000013,0.038064774741612,-0.23630467023286633,14.94398040236263,6.1751547228525965,6.254646938479796,0.0,0.1569208825389781,-0.5698130245164178,4.701298039563152,-0.2123383928765759,-0.06005045437111174,0.0,494.1460349504094,494.2888530793918,493.6627014966919,493.1792172108288
2.0400000000000014,0.04796234024670235,-0.27231328803206656,15.224817457193177,6.162440593722831,6.251310024353932,0.0,0.17328410750131307,-0.6315204583079554,4.659947363638231,-0.21104516120715494,-0.047965210654286806,0.0,413.6420401137753,414.7027073147685,412.84038950012854,412.90647411393655
2.1000000000000014,0.05906379316981773,-0.3128723754635763,15.508325154409336,6.1502730110482435,6.247975876567812,0.0,0.19706961567443693,-0.7216918673877063,4.789549170609108,-0.19000282433487042,-0.07857777808678094,0.0,469.104892064324,466.71922376019006,467.7655897002497,469.3630818665761
2.1600000000000015,0.07147816983339136,-0.3583749992576543,15.794239774184849,6.138646799057263,6.243108036381379,0.0,0.21713504678712106,-0.7960019679966757,4.74094867691293,-0.20261713828285738,-0.08679576324780244,0.0,413.20344060351465,412.4723090518111,413.12851935766366,411.97453809726613
2.2200000000000015,0.08535901524580573,-0.409172579747414,16.081580169479228,6.126592369039102,6.237639122198578,0.0,0.24608500650305654,-0.8984046813982667,4.8363874078574725,-0.19769471370151995,-0.10169752923508271,0.0,460.26769324475583,459.079869412272,459.1409547943069,459.49323912534646
2.2800000000000016,0.101004414149538,-0.46605702308803054,16.372713262904224,6.115131083758307,6.231378364754022,0.0,0.27599246665845384,-0.9987750336284604,4.867635078828657,-0.18023424796525536,-0.11024716631901114,0.0,440.7257209898041,440.0087527953634,440.3416214998839,441.7477151568313
2.3400000000000016,0.11879914545875254,-0.5299226016747033,16.67004658152065,6.103871363455529,6.224608719860589,0.0,0.3178852554131783,-1.1311637192805064,5.04235482337546,-0.20974205908067284,-0.118558539390255,0.0,486.21600997181946,485.58268629925857,486.5333287890536,484.2868305644587
2.4000000000000017,0.13899417510691423,-0.6011737376964484,16.973331576511054,6.091737595101728,6.217507245354435,0.0,0.35592503329488406,-1.2449488066690866,5.066674939629509,-0.1903577870389994,-0.1179600158394576,0.0,441.74408519974247,441.7807665426124,440.97828619769615,442.5360922433623
2.4600000000000017,0.1616812188060391,-0.6796940708119572,17.27916627691041,6.079800852193586,6.211215352702469,0.0,0.40092883234786736,-1.3734240705145797,5.1271435381016435,-0.22769803273512557,-0.0867893253013984,0.0,453.24200728854686,455.7307269148799,455.67213544034763,452.6372138502195
2.520000000000002,0.18703273692901706,-0.7657297775039895,17.58649740700593,6.066256948535056,6.206083331474218,0.0,0.4445663834551727,-1.4955753272653065,5.116843450911449,-0.22207026411375194,-0.08313531056256956,0.0,432.5266394159313,432.828077878473,433.00233759444825,433.42356103040726
2.580000000000002,0.21494049116809089,-0.8589063345393416,17.891260906239268,6.0530323382119064,6.201824485288736,0.0,0.48606114648709087,-1.6113621844105248,5.041860473615338,-0.21728666839355318,-0.05383631822855443,0.0,410.586407793909,413.17338419039606,411.5069844789195,411.8779518090541
2.640000000000002,0.24563021283817893,-0.9598773649765807,18.194191601955648,6.040011653368529,6.198440901554232,0.0,0.5372098854714265,-1.7554455207573,5.055269078875148,-0.21646750386026153,-0.06206911875022269,0.0,441.98117688875516,441.29980751616347,442.19355452995967,442.2142353170396
2.700000000000002,0.27951264458846653,-1.0698979043903691,18.498537718220415,6.027472062327387,6.194747286088392,0.0,0.5925227063097434,-1.9129920282443968,5.088895289950542,-0.19717054929771474,-0.06056192286916159,0.0,449.90863586105866,450.02800644192484,448.78243708297634,450.30341225100017
2.760000000000002,0.31686642246296254,-1.1898395355875675,18.805729826380844,6.01542693088863,6.191678996848902,0.0,0.6528810713206042,-2.086079933964425,5.149966843763228,-0.20908491778450844,-0.03694463625164978,0.0,459.09404903545146,460.96270189817506,460.57906346126214,459.59746345553765
2.820000000000002,0.3580444779246745,-1.3208282394172508,19.118039402281905,6.002801459196371,6.189219599899596,0.0,0.7198897218152223,-2.2813014323259386,5.259148745347637,-0.21324288986179804,-0.050641452254102555,0.0,477.1905409611537,476.1428671336978,477.3947974781266,477.0370608874346
2.880000000000002,0.4031237037376295,-1.4632818027697454,19.435038834922697,5.9901893092372855,6.186025286648999,0.0,0.7829993995276929,-2.468205336105888,5.306562292797875,-0.20473502108981984,-0.05901492716886913,0.0,459.96625044745514,459.3007392235068,460.41041689808276,461.04130519113886
2.940000000000002,0.45221205295327754,-1.6176614899297344,19.756345517787658,5.977843631869439,6.1827848141183175,0.0,0.853547262885544,-2.678798293580606,5.402392316357185,-0.20789329016618413,-0.04551580843950717,0.0,477.6444606426203,478.67125487304764,476.7920882727888,476.51221358705476
3.000000000000002,0.5054318193681173,-1.784434269489002,20.081736293638606,5.964838458190124,6.179959462912612,0.0,0.9206486505283585,-2.881307328503002,5.442950019501291,-0.24748539045264686,-0.05043667234066081,0.0,463.2427542210359,462.85433138500554,463.96080118046035,460.7946133393546
3.0600000000000023,0.56211406750785,-1.9617395794558932,20.40382276822898,5.949928119033563,6.176500959979958,0.0,0.9690135796145689,-3.0299919268397524,5.293269204769815,-0.25062379931243617,-0.07870036072246758,0.0,401.04837953852723,398.4692390851216,399.5134149533428,399.15751217951293
3.1200000000000023,0.6222196052494314,-2.149603823774591,20.720961328847636,5.934482965161898,6.17189033376167,0.0,1.0348751198998805,-3.2333305258633245,5.27710853369317,-0.2765906604788549,-0.07336950965222701,0.0,446.8304829527764,447.2603003041181,447.73722830533023,445.55169119120546
3.1800000000000024,0.6860979070043105,-2.3491450866936825,21.034843250069905,5.918325170320347,6.167540332344716,0.0,1.094736202256212,-3.4192711108395253,5.185080767146782,-0.25770872363420216,-0.07081632157148084,0.0,422.2588537624023,422.4747360627825,422.44021919472266,423.98799294918445
3.2400000000000024,0.7537284168805795,-2.5603745290598288,21.34384411150978,5.902882542030412,6.163596099705671,0.0,1.159920827956324,-3.6228698718619765,5.114231611769873,-0.2567235047047646,-0.05714180785228728,0.0,431.73103467285557,432.8801228675301,430.92216595767974,430.9365917750521
3.3000000000000025,0.825566202547469,-2.7847937218357424,21.650284066105666,5.887942901754727,6.160417776584154,0.0,1.234896714839144,-3.858896979164047,5.09930216581764,-0.2368534762029927,-0.04572217473653422,0.0,451.64592331504946,452.56438982256054,452.36182302143027,453.8980700263073
3.3600000000000025,0.9020421336773474,-3.0239043309670897,21.95633905078537,5.874657446790616,6.158049204739264,0.0,1.3144418901462884,-4.112442142203362,5.10127817524615,-0.20120272326984032,-0.029248613334288975,0.0,460.41615509861555,461.7171443144855,459.2188758609252,461.99054293019043
3.4200000000000026,0.9825484923471506,-3.275996806981791,22.256710907624743,5.862407975455682,6.156661850167575,0.0,1.3692428535244605,-4.291622015425653,4.911105083358225,-0.21082921369344318,-0.013056684854695914,0.0,394.14441771299374,395.63830204112105,394.3469445239699,393.4094976713436
3.4800000000000026,1.0672124215785657,-3.54177045237984,22.55172627740056,5.849966212873726,6.156330176600347,0.0,1.4528131800464432,-4.568367432223101,4.9213662825659,-0.20121175856646073,0.006381497446002821,0.0,467.1518892001189,468.66555496859183,465.368984826776,466.08113430994433
3.5400000000000027,1.1565663574708123,-3.823323891054313,22.844937488108222,5.837918690883301,6.156569702375688,0.0,1.5255518833810846,-4.817629259214245,4.851442275689103,-0.19996690591658284,-0.001275600286244332,0.0,442.6215654209436,441.9907316319205,442.5154220294866,442.5782243804189
3.6000000000000028,1.2503439742359468,-4.1202727459153685,23.13431511736807,5.826040049793649,6.156688728132259,0.0,1.600275780515673,-5.081512133753953,4.79342756198835,-0.19427461101493387,0.007814383369705871,0.0,447.73548633634607,448.4745649386168,449.2986375380477,449.7221458657649
3.660000000000003,1.3484773982767069,-4.432856627472249,23.419255307626592,5.814150234801133,6.1571311598095555,0.0,1.6707270847237734,-5.338809209305314,4.7036767073547265,-0.20735204622705475,0.006477908163632049,0.0,440.77777879991487,440.6671750002291,439.9464695134919,438.822901004273
3.720000000000003,1.4512661216648073,-4.762672232573534,23.701795457218964,5.801516514056544,6.157899560339281,0.0,1.7553350060586261,-5.655815624341992,4.712622811421163,-0.21789583994462475,0.023148268345421972,0.0,476.0472325798017,477.3213110385217,476.7961472483117,475.94915904986175
3.780000000000003,1.5586632352861258,-5.110130284038836,23.981602101432284,5.788725701045852,6.1591825185955535,0.0,1.8243696586776235,-5.927029344616791,4.613208517602556,-0.20512378994449867,0.017594718350485823,0.0,443.0324002736363,442.5754214772816,442.34463240600576,443.35026929148154
3.840000000000003,1.6699925900407533,-5.473384977709088,24.254018262610458,5.776779625919836,6.160110995129559,0.0,1.8864797638249786,-6.182377984824413,4.466557740036226,-0.18918989543766893,0.010856198762983249,0.0,428.55117128570504,427.9777590491039,427.0220413953323,428.3387509952764
3.900000000000003,1.7852382144267143,-5.852986653432762,24.518992137222266,5.764995897243928,6.161164602244428,0.0,1.954866695962372,-6.47180776661811,4.364752300365264,-0.2174128843723963,0.028401884985328363,0.0,445.52364914196096,446.9562462911763,448.0751140210231,445.73563516759685
3.960000000000003,1.9046077631800276,-6.2503761277616885,24.778058781915675,5.751655619253254,6.162848999695864,0.0,2.0238504602552654,-6.77536581523289,4.269415955298563,-0.23463924448122053,0.027407973891262313,0.0,452.13176692169685,452.0518525631661,452.4502936778239,451.0122917241107
4.020000000000002,2.0280307348836755,-6.666025966871476,25.030897883393184,5.7374279906583485,6.165170295054978,0.0,2.0899555494140047,-7.080536209940521,4.157124555706711,-0.24262339142285638,0.054931625347066276,0.0,447.4634739546756,449.6998175759142,450.2882051615377,449.5861946288921
4.080000000000001,2.1554744120243665,-7.100715764605405,25.27759775766466,5.722490237934299,6.1684960047017405,0.0,2.1577198101750854,-7.409995060424461,4.064478071618538,-0.266264744079569,0.056403780259879605,0.0,460.28263691879283,460.40111349894454,460.71348250875934,458.77909788368714
4.14,2.287120513122289,-7.556414176366502,25.520059119161143,5.706342123212179,6.171631930497382,0.0,2.229955442207429,-7.780751046117023,4.015244525344809,-0.275585963715822,0.04234507091021003,0.0,479.7248846372875,478.65740573414286,480.9628386904181,480.1888425490099
4.199999999999998,2.422370906938247,-8.03143207345964,25.754378089091823,5.689731663375255,6.175029305945426,0.0,2.278115759849979,-8.054273340771214,3.794295895566819,-0.2794706529294229,0.07582762765442443,0.0,419.2812397700113,422.1833252792328,421.98193670168695,421.5642287388966
4.259999999999997,2.5601121051543356,-8.521344917850607,25.972654145539092,5.6729717870257,6.1797079091973615,0.0,2.3130131718785756,-8.277432136038634,3.481126088155382,-0.27905462246684404,0.08195911938710365,0.0,385.1148684830895,385.7004636187619,385.1652792442538,385.1124663286679
4.319999999999996,2.7009342127253557,-9.030718180515564,26.180301633756912,5.656529538521806,6.1852967126989356,0.0,2.380261954541525,-8.702288819151597,3.4375698735065825,-0.26554522224685817,0.10928598386002632,0.0,492.7364812474731,494.7592151670719,491.9160696937015,492.8476116870143
4.379999999999995,2.8448561445618856,-9.561061955090048,26.37838582642532,5.640209512779844,6.191792396137878,0.0,2.416664914361861,-8.976962134621632,3.1642110749083487,-0.2897585742773459,0.1061311058651657,0.0,411.6479430053264,411.3799023463912,412.49458144653534,410.26739428760743
4.439999999999993,2.9910897026874097,-10.109594395279634,26.56181116770154,5.623097638606053,6.197782520629541,0.0,2.457201230984909,-9.30838029241743,2.9481802322432613,-0.2773748336642833,0.08266906264292986,0.0,439.835024284194,437.89540575793626,437.76203985750647,438.7077281749194
4.499999999999992,3.13965575098421,-10.678274724543938,26.732010946217816,5.6060486120066155,6.203135262537076,0.0,2.4944964287199736,-9.648491135266354,2.723262152548734,-0.303230011926157,0.09983532598657929,0.0,439.25577326338095,440.6841479918087,440.9960885241588,438.77028069717187
4.559999999999991,3.2902117225611707,-11.266418032309472,26.886941547150915,5.5883567312568285,6.208822048043958,0.0,2.5235665232999946,-9.957276070346127,2.4394849015090023,-0.2819455235478596,0.0820379578470088,0.0,420.18014312583176,418.6418619805302,420.94187424159213,422.6862642078907
4.6199999999999894,3.4423579149719825,-11.87272257714038,27.023846597432566,5.571017786374599,6.213314565986703,0.0,2.547619320855677,-10.25389683499897,2.1225576607153167,-0.30920119597034196,0.05401765165988613,0.0,411.6655421755853,409.1822421293897,412.34737686530775,409.8376147999537
4.679999999999988,3.5960594560878656,-12.498696933492992,27.143344978815097,5.552603328737975,6.2168355521614735,0.0,2.5754094274895674,-10.61262915474536,1.8584102483629783,-0.3026857590699261,0.06667526285265093,0.0,437.8385328483873,438.8931539688392,439.00804560823985,439.451207874836
4.739999999999987,3.7512369031873374,-13.145154563131582,27.245212301238283,5.53436693510162,6.220777012012803,0.0,2.596841528830117,-10.936804132195872,1.5352258514608363,-0.30656689723088265,0.06364705525827685,0.0,418.56612124450976,418.3058734564828,420.9212443603736,420.4851456156197
4.799999999999986,3.907716692004318,-13.812140443173337,27.328259215819564,5.51569302730713,6.224420039596334,0.0,2.6187924755487653,-11.296698634916618,1.2305947661550602,-0.32270217344968005,0.05410068510233008,0.0,434.6325848511987,433.83413332180214,434.8359845689912,433.37955010773067
4.859999999999984,4.0657962314109355,-14.505057613155545,27.396864814561706,5.496447992421613,6.227532193739373,0.0,2.6500235385305824,-11.800389808305601,1.0521498499308057,-0.3171175890663156,0.0469862639630152,0.0,495.1452005452711,494.62277740370337,495.0338137524027,495.3509841348588
4.919999999999983,4.225225979397167,-15.222670726108555,27.44849632574138,5.477698964365581,6.230031915001515,0.0,2.6640811306821606,-12.120754381908394,0.6667372806870414,-0.3045542190909766,0.02801906345704114,0.0,416.6635193546121,415.00224752727564,415.16852621766327,416.1625447726802
4.979999999999982,4.3855912716084235,-15.961448890225633,27.478279837021923,5.459777535818155,6.232132914482543,0.0,2.6811992836414382,-12.505503897956988,0.3231718048819248,-0.28900466461931434,0.04624197566936119,0.0,443.25553130979466,444.7517120614748,441.21561998635053,442.406366776475
5.0399999999999805,4.546853975674953,-16.722234769784603,27.48581650964117,5.4436489021266325,6.234588053206219,0.0,2.6939930394450595,-12.854581062960483,-0.07441273181723262,-0.24478602562765597,0.027280086486729596,0.0,426.63783566008016,425.01592641524206,424.74035809544995,428.43832684183855
